 spec            Ha          e1Ha          e2Ha            Hb          e1Hb          e2Hb            O3          e1O3          e2O3            N2          e1N2          e2N2           S2a         e1S2a         e2S2a           S2b         e1S2b         e2S2b 
    0  1.288753e-15  9.704460e-18  9.781719e-18  5.524769e-16  1.902416e-17  1.944287e-17  7.140036e-16  1.717380e-17  1.707664e-17  1.025838e-16  4.373633e-18  4.455881e-18  2.715376e-16  7.114326e-18  7.196854e-18  1.754354e-16  5.682013e-18  5.780312e-18 
    1  2.289826e-16  9.196164e-18  9.186471e-18  4.316237e-17  1.153878e-17  1.285064e-17  4.246769e-17  9.145448e-18  9.920684e-18  4.587199e-17  4.611504e-18  4.666382e-18  1.115333e-16  6.769007e-18  7.000154e-18  7.754411e-17  5.625448e-18  5.847059e-18 
    2  1.182291e-15  8.913197e-18  8.983487e-18  3.693567e-16  1.466095e-17  1.488421e-17  3.826203e-16  1.317856e-17  1.337895e-17  1.029877e-16  4.103645e-18  4.063177e-18  2.139867e-16  5.706327e-18  5.855565e-18  1.319484e-16  4.430007e-18  4.570044e-18 
    3  2.843549e-16  9.065308e-18  9.246083e-18  1.009799e-16  1.340225e-17  1.456660e-17  1.495164e-16  1.470354e-17  1.514225e-17  1.841666e-17  4.487889e-18  4.542556e-18  7.748544e-17  6.628441e-18  6.732617e-18  5.797309e-17  5.965037e-18  6.091796e-18 
    4  1.346498e-16  6.607052e-18  6.778895e-18  8.195194e-17  1.461798e-17  1.580286e-17  1.002493e-16  1.259856e-17  1.320267e-17  1.850590e-17  3.540909e-18  3.559506e-18  3.558054e-17  4.145426e-18  4.279057e-18  2.486778e-17  3.646472e-18  3.743898e-18 
    5  1.314559e-15  9.145999e-18  9.212759e-18  4.851138e-16  1.619422e-17  1.644945e-17  8.095162e-16  1.546874e-17  1.566183e-17  1.229259e-16  4.057556e-18  4.078864e-18  2.240106e-16  5.917972e-18  5.918280e-18  1.576199e-16  4.902162e-18  4.927413e-18 
    6  1.839357e-16  8.600234e-18  8.850012e-18  8.845235e-17  1.370363e-17  1.521386e-17  9.852881e-17  1.155036e-17  1.199609e-17  1.906825e-17  4.158965e-18  4.170159e-18  4.967494e-17  6.249017e-18  6.495485e-18  9.673296e-18  3.419260e-18  3.453910e-18 
    7  3.276660e-16  7.893688e-18  8.008399e-18  1.001856e-16  1.184267e-17  1.258814e-17  1.640385e-16  1.329077e-17  1.346248e-17  4.940786e-17  3.906630e-18  3.918021e-18  1.018972e-16  5.934315e-18  6.093700e-18  8.147892e-17  5.095997e-18  5.223993e-18 
    8  6.976216e-16  8.769266e-18  8.795865e-18  2.310638e-16  1.527773e-17  1.569192e-17  4.510656e-16  1.403553e-17  1.436425e-17  7.956638e-17  3.965396e-18  3.898501e-18  1.394704e-16  5.983547e-18  6.138603e-18  6.898024e-17  4.240802e-18  4.317835e-18 
    9  3.395212e-16  8.072280e-18  8.181822e-18  3.325433e-16  2.715008e-17  2.830844e-17  1.513141e-16  1.063079e-17  1.091114e-17  3.710927e-17  4.655730e-18  4.673602e-18  8.892619e-17  6.619002e-18  6.773736e-18  6.483344e-17  5.832686e-18  5.986305e-18 
   10  1.614928e-15  9.598256e-18  9.443511e-18  5.906572e-16  1.913212e-17  1.987757e-17  8.414107e-16  1.625437e-17  1.665131e-17  1.730976e-16  4.207864e-18  4.199102e-18  3.593981e-16  6.667861e-18  6.843637e-18  2.628740e-16  5.501973e-18  5.574000e-18 
   11  3.167377e-16  8.004236e-18  8.122627e-18  1.148633e-16  1.706370e-17  1.897064e-17  1.121599e-16  1.200434e-17  1.276809e-17  3.542000e-17  4.079841e-18  4.031997e-18  1.070530e-16  6.027472e-18  6.020867e-18  7.543708e-17  4.964994e-18  4.974877e-18 
   12  4.373750e-16  9.169660e-18  9.315314e-18  1.570608e-16  1.640381e-17  1.750688e-17  2.580624e-16  1.581330e-17  1.636382e-17  7.889952e-17  4.791122e-18  4.845127e-18  4.959825e-17  5.295773e-18  5.438704e-18  5.599152e-17  5.202263e-18  5.319939e-18 
   13  1.095416e-15  9.550796e-18  9.550840e-18  3.944670e-16  1.611032e-17  1.632500e-17  1.124502e-15  1.650649e-17  1.692456e-17  8.806930e-17  3.908265e-18  3.925765e-18  2.124806e-16  6.822351e-18  6.986618e-18  1.320427e-16  5.295732e-18  5.355959e-18 
   14  3.160203e-16  1.005318e-17  1.017935e-17  7.141026e-17  2.050705e-17  2.651002e-17  1.077639e-16  1.539838e-17  1.694116e-17  3.308726e-17  4.608984e-18  4.716935e-18  6.985044e-17  5.424500e-18  5.472042e-18  5.699701e-17  5.126669e-18  5.178691e-18 
   15  2.353761e-16  7.560036e-18  7.627031e-18  8.563212e-17  1.872297e-17  1.925679e-17  6.664255e-17  8.442918e-18  9.041709e-18  1.497676e-17  3.831943e-18  3.733409e-18  5.526695e-17  4.976504e-18  5.248068e-18  3.886255e-17  4.110018e-18  4.294830e-18 
   16  2.322597e-15  1.094823e-17  1.092712e-17  9.244858e-16  1.969107e-17  1.999815e-17  1.132800e-15  1.811590e-17  1.842311e-17  3.678670e-16  4.966541e-18  4.904060e-18  5.855339e-16  7.714209e-18  7.675413e-18  3.987712e-16  6.139017e-18  6.157967e-18 
   17  1.104990e-15  9.541578e-18  9.599546e-18  4.311876e-16  1.626689e-17  1.663861e-17  3.909007e-16  1.339008e-17  1.378555e-17  1.821587e-16  4.622767e-18  4.630065e-18  3.473409e-16  6.644888e-18  6.732964e-18  2.314169e-16  5.318799e-18  5.365407e-18 
   18  7.900832e-16  9.616676e-18  9.618747e-18  2.693702e-16  1.719031e-17  1.780184e-17  2.959723e-16  1.658804e-17  1.695343e-17  1.159040e-16  4.433129e-18  4.441916e-18  1.816116e-16  6.484013e-18  6.601333e-18  1.311765e-16  5.507706e-18  5.562348e-18 
   19  1.211037e-16  4.576260e-18  4.685588e-18  5.940601e-17  8.919437e-18  9.462661e-18  4.958344e-17  6.118423e-18  6.329736e-18  1.376477e-17  2.195091e-18  2.155605e-18  2.410439e-17  2.803196e-18  2.945336e-18  1.015897e-17  2.468471e-18  2.518334e-18 
   20  1.049308e-15  8.937481e-18  8.915203e-18  4.262196e-16  1.731442e-17  1.801292e-17  4.382235e-16  1.466329e-17  1.510941e-17  1.357520e-16  4.261725e-18  4.305475e-18  2.946102e-16  6.223664e-18  6.246772e-18  2.115084e-16  5.351278e-18  5.358675e-18 
   21  5.490566e-16  9.040249e-18  9.103078e-18  2.434698e-16  1.675115e-17  1.719444e-17  1.218138e-16  1.356374e-17  1.433460e-17  4.244606e-17  4.605713e-18  4.626566e-18  1.158261e-16  6.441272e-18  6.522080e-18  5.941599e-17  4.932608e-18  4.921239e-18 
   22  3.771140e-15  1.307982e-17  1.316835e-17  1.280675e-15  1.903523e-17  1.905880e-17  2.483245e-15  1.983535e-17  1.964214e-17  3.830040e-16  4.725450e-18  4.765857e-18  5.823769e-16  7.257919e-18  7.210121e-18  4.423955e-16  6.247338e-18  6.199543e-18 
