8.812999999999998835e+00
8.849000000000000199e+00
8.880000000000000782e+00
8.732999999999998764e+00
8.913000000000000256e+00
8.824999999999999289e+00
8.740999999999999659e+00
8.783999999999998920e+00
8.691000000000000725e+00
8.705000000000000071e+00
8.519000000000000128e+00
8.717000000000000526e+00
8.753999999999999559e+00
8.884999999999999787e+00
8.733999999999999986e+00
8.875000000000000000e+00
8.904999999999999361e+00
8.837999999999999190e+00
8.637000000000000455e+00
8.810000000000000497e+00
8.987999999999999545e+00
9.005000000000000782e+00
8.939999999999999503e+00
8.711999999999999744e+00
8.912000000000000810e+00
8.862999999999999545e+00
8.945999999999999730e+00
