2.186489899999999977e+02 5.934303000000001305e+01
2.186621600000000001e+02 5.934270999999998253e+01
2.186617399999999805e+02 5.934127000000000862e+01
2.186678499999999872e+02 5.934114999999999185e+01
2.186608399999999790e+02 5.933884000000001890e+01
2.186565399999999784e+02 5.933147000000001015e+01
2.186419399999999484e+02 5.933881000000000228e+01
2.186571500000000015e+02 5.934633000000000180e+01
2.186397200000000112e+02 5.933810000000000429e+01
2.186481200000000058e+02 5.934580000000001121e+01
2.186726799999999855e+02 5.933367000000000502e+01
2.186683000000000163e+02 5.934255000000002411e+01
2.186413399999999854e+02 5.933427000000001073e+01
2.186537200000000212e+02 5.934307000000000443e+01
2.186434200000000203e+02 5.934120999999999668e+01
2.186619900000000030e+02 5.933789999999999054e+01
2.186539200000000278e+02 5.933285999999999660e+01
2.186635700000000213e+02 5.933856999999999715e+01
2.186701999999999941e+02 5.934615000000000862e+01
2.186542100000000062e+02 5.933036000000001309e+01
2.186549399999999821e+02 5.933538000000001489e+01
2.186525700000000541e+02 5.933929999999998728e+01
2.186521100000000217e+02 5.933365999999999474e+01
2.186415700000000299e+02 5.932993000000003292e+01
2.186521799999999871e+02 5.934180000000002053e+01
2.186613200000000177e+02 5.933604000000001122e+01
2.186590999999999667e+02 5.933731999999999118e+01
