1.279101767582803591e-02
1.688439840863646402e-01
1.702759678153531117e-02
6.144087852813377021e-02
6.478261317415488774e-02
1.348097641518691478e-02
7.520974091201454437e-02
5.513007474602811542e-02
2.603654821469737410e-02
2.290297962235373838e-02
1.127152214797644443e-02
4.697954417333759236e-02
3.932125662662989268e-02
1.636248352384351082e-02
1.037571088339283021e-01
6.037533058720498391e-02
8.401546034083011774e-03
1.578960393418413558e-02
2.352385918135445342e-02
5.809345356615394640e-02
1.512608963149528196e-02
2.714667320588345228e-02
7.171660792200696376e-03
