8.342664939929509416e+00
8.520646303457374060e+00
8.387622920749356226e+00
8.295959032212664397e+00
8.426606510423694019e+00
8.329536799276667125e+00
8.400611684386516842e+00
8.400902901203979312e+00
8.336215212803368857e+00
8.531839807913764062e+00
8.370485779662512726e+00
8.429314266212040607e+00
8.423359591559437476e+00
8.234148661992428231e+00
8.366789761557519967e+00
8.382736967892945756e+00
8.445674319006753805e+00
8.493129048624620481e+00
8.450686739486455323e+00
8.453266147416263365e+00
8.441951769671470984e+00
8.470550927402193508e+00
8.320568334578904768e+00
