1.477419399999999996e+02 3.355840999999997365e+01
1.477371399999999824e+02 3.356009000000000242e+01
1.477469199999999887e+02 3.355662999999999840e+01
1.477321000000000026e+02 3.354878000000000071e+01
1.477333500000000015e+02 3.355230000000000246e+01
1.477479100000000187e+02 3.355032000000000636e+01
1.477368800000000135e+02 3.355930000000000746e+01
1.477328799999999944e+02 3.356015000000000015e+01
1.477278699999999958e+02 3.355892000000001474e+01
1.477338699999999960e+02 3.355151000000000039e+01
1.477324800000000096e+02 3.354885000000000161e+01
1.477498899999999935e+02 3.355052999999999486e+01
1.477389200000000073e+02 3.355806000000000466e+01
1.477511599999999987e+02 3.355413999999999675e+01
