3.345770899999999983e+02 4.055847000000000691e+01
3.345795600000000150e+02 4.055596000000000600e+01
3.345792200000000207e+02 4.055583000000000737e+01
3.345776399999999740e+02 4.055742000000001468e+01
3.345795600000000150e+02 4.055485999999999081e+01
3.345697900000000118e+02 4.056342999999999677e+01
3.345758399999999710e+02 4.056702000000000652e+01
3.345674399999999764e+02 4.056680000000000064e+01
3.345693400000000111e+02 4.056899000000000655e+01
3.345681799999999839e+02 4.056450999999999141e+01
3.345667399999999816e+02 4.056449000000000638e+01
3.345760200000000282e+02 4.056336000000000297e+01
3.345776999999999930e+02 4.057095999999999236e+01
3.345779100000000312e+02 4.055738000000000909e+01
3.345765700000000038e+02 4.055749999999998323e+01
3.345703700000000254e+02 4.056878000000001805e+01
3.345786100000000260e+02 4.055585999999998847e+01
3.345760500000000093e+02 4.055944000000002347e+01
3.345719300000000089e+02 4.056439999999998491e+01
