1.789403100000000109e+02 5.531476999999999578e+01
1.789248000000000047e+02 5.532169000000000381e+01
1.789238699999999938e+02 5.532175000000000153e+01
1.789445499999999925e+02 5.531438000000001409e+01
1.789408899999999960e+02 5.531514000000001374e+01
1.789336999999999875e+02 5.532660999999997387e+01
1.789257399999999905e+02 5.532149999999999324e+01
1.789344800000000077e+02 5.532550999999997998e+01
1.789488699999999994e+02 5.532087999999998829e+01
1.789268000000000143e+02 5.532716999999998109e+01
1.789492299999999716e+02 5.531307000000001750e+01
1.789233199999999897e+02 5.531804999999999950e+01
1.789378499999999974e+02 5.532484999999999076e+01
1.789410100000000057e+02 5.531770000000000920e+01
1.789486399999999833e+02 5.531600999999999857e+01
1.789284700000000043e+02 5.532293000000001371e+01
1.789472700000000032e+02 5.531437999999999988e+01
1.789409300000000087e+02 5.531942000000000093e+01
1.789313999999999965e+02 5.532701999999997611e+01
